84327345773
84328199360
84328285253
84332606404
84334598427
84335318317
84338663380
84344152180
84349333988
84349690922
84352747400
84352942972
84352999299
84353579457
84355204424
84356919356
84359055718
84359122709
84362036614
84362405707
84362625106
84363801066
84365187681
84365516680
84365719175
84368227604
84368488851
84368610972
84369372712
84369622071
84372724000
84375883133
84376162247
84379719070
84379970469
84384331580
84385059596
84385603360
84385785863
84386778972
84387807790
84389599669
84389799131
84389922457
84395083142
84395792146
84396020378
84396469779
84397857067
84399595138
84399999630
84568424960
84703000818
84703100389
84703409354
84703414777
84703469150
84703922773
84703925248
84703947130
84704598050
84704787390
84705999224
84707266107
84708484918
84708918645
84763540035
84764656346
84765277180
84765430182
84765616936
84766776585
84767149612
84767189919
84767611479
84767666796
84768367873
84768380741
84772508463
84772571195
84772961561
84772962696
84773530534
84773666316
84773682470
84773839678
84774567678
84774623829
84775660559
84775875047
84775881808
84776708313
84776991579
84777042028
84777302349
84777994673
84778023686
84778066006
84778077556
84778091929
84778791148
84778994000
84779501183
84779555567
84779688933
84782825782
84783313867
84783601998
84784589491
84785334019
84785384907
84785406269
84786196898
84786797697
84787165841
84789824965
84789825720
84792049789
84792076449
84792146702
84792448068
84792467774
84792839318
84793552026
84793756656
84794147279
84794474188
84794948000
84797159000
84798531609
84799122722
84799987768
84812882062
84815555381
84822148572
84822154242
84822982935
84826324173
84826947872
84827869968
84829772965
84833171793
84833606661
84833732111
84834326517
84835106134
84837080728
84837801232
84838002788
84838195734
84838220920
84838305901
84838305917
84838337747
84838337907
84838392843
84838422705
84838600145
84839141494
84839144037
84839207454
84839242526
84839396227
84843412868
84854867712
84857186066
84857942041
84862711576
84862918112
84866745312
84869119154
84873008881
84873008888
84898448191
84898456779
84898469470
84899307884
84901006778
84901034731
84901267968
84901400445
84901419288
84901465669
84901485915
84901487821
84901607175
84901752524
84901901245
84902065990
84902224443
84902351512
84902401240
84902402097
84902466808
84902466982
84902499937
84902500037
84902622265
84902625456
84902724285
84902804324
84902830239
84902861963
84902890765
84902958079
84902998786
84903019974
84903067626
84903085078
84903098873
84903168290
84903180352
84903277839
84903279567
84903310932
84903340760
84903350712
84903359697
84903360039
84903361379
84903379322
84903388915
84903393275
84903407207
84903438279
84903584521
84903603132
84903603485
84903606479
84903655208
84903655685
84903669011
84903680563
84903699711
84903718973
84903737457
84903739090
84903778855
84903811915
84903828016
84903828512
84903831049
84903836407
84903839005
84903853139
84903865180
84903980809
84903986080
84904015424
84904123168
84904414245
84904427369
84904451090
84904462264
84904548856
84904648634
84904747620
84904871265
84904875015
84904879613
84904883428
84904931428
84905019393
84905086352
84905808803
84905938668
84906063797
84906101210
84906344361
84906360039
84906375669
84906381828
84906526626
84906625885
84906638739
84906679039
84906689394
84906806108
84906818070
84906825586
84906853808
84906876087
84906917462
84906933371
84906960224
84906995443
84907002894
84907133851
84907238896
84907279879
84907287602
84907371517
84907403870
84907413577
84907425301
84907528152
84907650455
84907671744
84907707704
84907737737
84907745887
84908024859
84908051889
84908123252
84908221250
84908253544
84908268436
84908273257
84908384468
84908443321
84908519085
84908522552
84908596782
84908599354
84908600504
84908618605
84908676739
84908682703
84908713615
84908730885
84908748140
84908753148
84908821516
84908822818
84908830073
84908848431
84908856515
84908878579
84908887723
84908896415
84908967994
84908988809
84909014177
84909020228
84909131890
84909162083
84909171586
84909213289
84909288304
84909304848
84909377585
84909383817
84909386952
84909446910
84909449828
84909472090
84909491386
84909500647
84909502972
84909506940
84909529086
84909547225
84909551177
84909562512
84909566805
84909632836
84909682352
84909692989
84909698301
84909709085
84909710327
84909754447
84909757633
84909778463
84909832356
84909848009
84909889258
84909905024
84909946818
84909957294
84909972213
84911011286
84911094262
84911099479
84911234702
84911357787
84911732567
84912133977
84912254122
84912306837
84913156172
84913915130
84914773030
84915110810
84915434655
84915504255
84915666088
84915743809
84916102639
84916166064
84916172796
84916731105
84916791771
84916796311
84916900652
84917074242
84917111175
84917472526
84917474677
84917495858
84917707087
84917722798
84917810881
84917837568
84918133737
84918223009
84918251668
84918320291
84918353144
84918353170
84918411899
84918426154
84918478797
84918511182
84918542426
84918663619
84918770886
84918865831
84919100525
84919237723
84919561310
84919765541
84919834495
84919916306
84919918359
84919959566
84923678900
84924242424
84925033663
84925144629
84926567895
84928473413
84928954337
84929441493
84931101141
84931244388
84931310483
84931340778
84931722536
84931829950
84931991779
84932001679
84932003520
84932033689
84932057911
84932084276
84932092127
84932124928
84932146956
84932164721
84932166726
84932195315
84932218255
84932246066
84932264796
84932486767
84932643621
84932654668
84932657232
84932678486
84932679846
84932774805
84932813048
84932983758
84933005399
84933080051
84933100112
84933118586
84933168618
84933172267
84933194089
84933194935
84933217827
84933227894
84933233620
84933396455
84933486603
84933523838
84933543896
84933552856
84933554979
84933555968
84933568009
84933587204
84933624441
84933638116
84933639513
84933650455
84933651365
84933674850
84933700732
84933709551
84933727807
84933769018
84933833538
84933874848
84933882225
84933907701
84933910022
84933930094
84933945600
84933953951
84933974733
84933984734
84934001909
84934013612
84934076740
84934099984
84934101194
84934125065
84934158881
84934284440
84934323394
84934517712
84934566600
84934578162
84934626717
84934765179
84934768618
84934887042
84935088390
84935248868
84935322581
84935359514
84935381016
84935412379
84936017517
84936024851
84936087351
84936112483
84936189964
84936205600
84936334545
84936363630
84936506454
84936644386
84936688003
84936789710
84936989899
84937006468
84937008895
84937069652
84937142284
84937161223
84937200392
84937232829
84937233503
84937236263
84937345449
84937370997
84937436134
84937466440
84937549447
84937597091
84937648343
84937699959
84937706170
84937771879
84937779201
84937802306
84937831986
84938052139
84938156814
84938173873
84938260512
84938260679
84938262665
84938266869
84938267322
84938269350
84938307878
84938337850
84938337968
84938346074
84938390522
84938400998
84938416105
84938416907
84938437355
84938481549
84938493949
84938580278
84938596197
84938608877
84938628790
84938638599
84938668390
84938728930
84938766327
84938787370
84938807230
84938828430
84938844032
84938905170
84938906246
84938907660
84938908130
84938933079
84938938113
84938972215
84938973873
84938999973
84939046032
84939215439
84939381081
84939604327
84939676773
84939680776
84939725779
84939802039
84939939169
84941072652
84941353414
84942222051
84942622108
84942751303
84942919811
84943003169
84943466225
84944193064
84944415141
84944664662
84944784815
84944881881
84945060222
84945061888
84945361310
84945665439
84945721541
84945988242
84946222588
84946504392
84947304894
84947330009
84947466225
84947643751
84947966449
84947971161
84948529219
84948604000
84948904332
84949077074
84949155519
84949333035
84949345321
84949493870
84949626444
84949658563
84949898940
84949911966
84949932111
84949939539
84949989989
84961044777
84961183920
84961377377
84961449123
84962000148
84962570445
84962636243
84963154237
84963222672
84963231277
84963900979
84964031312
84964071240
84964353815
84964639481
84964954952
84965111111
84965323923
84965488879
84965522858
84965865876
84966127554
84966694414
84967786023
84967965115
84968443346
84968551239
84968754033
84968774179
84968954024
84969042933
84969151779
84969234834
84969409072
84969454972
84969690235
84971193342
84971460793
84971771391
84971844452
84972276171
84972581522
84972670718
84972737860
84972907863
84972926381
84973090964
84973317773
84973325409
84973424241
84973478330
84973517507
84973799977
84973914966
84974264788
84974345627
84974494849
84974789996
84974898210
84974942271
84975082697
84975368609
84975377414
84975669635
84975671233
84975843386
84976099939
84976103322
84976144399
84976362362
84976409458
84976477288
84976534236
84976607070
84976767270
84977866670
84978158269
84978180494
84978780864
84979428388
84979726700
84981080704
84981114043
84981259259
84981738968
84982001082
84982222766
84982787586
84983039881
84983272055
84983397907
84983707900
84983737756
84983793807
84983922428
84983999417
84984134749
84984271295
84984321507
84984370384
84984513393
84984842843
84986326023
84986804564
84986905563
84986923679
84987272452
84987342143
84987498261
84987703778
84987793560
84988179128
84988310815
84988336466
84988867066
84989181187
84989223345
84989228854
84989591275
84989770614
84989781786
84989828605
84989933004
